159
250
0 1 806
1 2 339
2 3 439
3 4 571
4 5 964
5 6 866
6 7 765
7 8 464
8 9 853
9 10 539
10 11 534
11 12 519
12 13 675
13 14 1021
14 15 281
15 16 296
16 17 515
17 18 679
18 19 290
19 20 1292
20 21 311
21 22 747
22 23 557
23 24 186
24 25 186
25 26 393
26 27 475
27 28 416
28 29 39
29 30 266
30 31 495
31 32 382
32 33 413
33 34 459
34 35 39
35 36 31
36 37 157
37 38 213
38 39 172
39 40 406
40 41 65
41 42 264
42 43 330
43 44 209
44 45 1681
45 46 616
46 47 370
47 48 659
48 49 786
49 50 765
50 51 394
51 52 453
52 53 2553
53 54 2467
54 55 713
55 56 463
56 57 511
57 58 411
58 59 351
59 60 272
60 61 975
61 62 1798
62 63 582
63 64 802
64 65 868
65 66 1105
66 67 964
67 68 232
68 69 99
69 70 667
70 71 524
71 72 1112
72 73 126
73 74 1085
74 75 1046
75 76 184
76 77 1100
77 78 307
78 79 234
79 80 223
80 81 176
81 82 298
82 83 350
83 84 283
84 85 457
85 86 261
86 87 522
87 88 579
88 89 1137
89 90 70
90 91 25
91 92 68
92 93 93
93 94 258
94 95 371
95 96 50
96 97 62
97 98 107
98 99 102
99 100 216
100 101 1221
101 102 176
102 103 198
103 104 130
104 105 168
105 106 2335
106 107 335
107 108 56
108 109 3368
109 110 370
110 111 349
111 112 541
112 113 2261
113 114 225
114 115 169
115 116 1290
116 117 484
117 118 296
118 119 1211
119 120 237
120 121 221
121 122 620
122 123 396
123 124 266
124 125 627
125 126 418
126 127 471
127 128 226
128 129 162
129 130 348
130 131 2156
131 132 191
132 133 104
133 134 1230
134 135 20
135 136 185
136 137 1882
137 138 382
138 139 1727
139 140 372
140 141 524
141 142 2182
142 143 274
143 144 227
144 145 166
145 146 95
146 147 380
147 148 901
148 149 143
149 150 316
150 151 314
151 152 1579
152 153 111
153 154 279
154 155 341
155 156 2989
156 157 4847
157 158 1606
158 0 691
29 35 18
35 29 18
135 134 20
34 29 21
28 35 21
82 88 24
88 82 24
91 90 25
26 34 28
36 29 30
23 38 30
38 23 30
118 131 35
131 118 35
24 43 39
43 24 39
89 92 42
92 89 42
72 75 42
75 72 42
97 100 47
100 97 47
44 99 47
99 44 47
96 95 50
7 18 56
18 7 56
108 107 56
90 92 58
1 14 60
14 1 60
95 98 60
98 95 60
2 12 61
12 2 61
39 28 62
143 145 63
145 143 63
41 40 65
101 137 67
137 101 67
22 42 70
42 22 70
25 40 76
40 25 76
37 39 76
76 151 77
151 76 77
9 100 80
6 40 83
144 146 84
146 144 84
51 55 84
55 51 84
73 75 84
78 87 85
87 78 85
148 76 88
115 87 90
142 144 91
93 92 93
158 142 96
5 17 98
17 5 98
69 68 99
58 108 99
134 155 100
155 134 100
133 132 104
71 74 106
74 71 106
50 61 109
61 50 109
32 37 110
153 152 111
15 2 115
21 30 116
30 21 116
105 22 119
121 124 122
124 121 122
27 31 122
31 27 122
10 5 122
104 103 130
19 12 132
81 84 132
84 81 132
68 73 132
114 101 135
149 148 143
